0,506
0,505
75,66
80,35
75,65
3,2
3,1
77,10
77,2
3,3
77,0
75,67
75,36
75,35
75,34
75,33
75,32
75,31
75,30
75,29
75,27
75,26
75,25
75,24
75,23
75,22
10,2
75,21
10,1
75,20
10,3
75,19
11,2
11,1
75,18
75,17
75,16
75,15
75,14
11,3
75,13
75,12
75,11
75,10
75,9
75,8
75,7
75,5
75,2
75,0
73,5
73,4
73,3
73,1
9,2
72,5
9,1
72,4
9,3
72,3
72,1
70,5
8,2
70,4
8,1
70,3
8,3
70,1
69,3
12,2
12,1
69,1
68,4
68,3
12,3
68,1
66,6
66,5
66,4
66,3
66,1
46,4
46,3
46,2
46,1
20,2
46,0
45,3
45,2
20,1
20,3
19,2
45,1
77,8
77,9
77,3
77,7
77,6
76,7
45,0
44,3
44,2
75,69
19,1
77,1
77,4
44,1
76,6
76,3
76,5
19,3
76,1
44,0
77,5
43,4
43,3
71,3
43,2
71,1
76,4
43,1
71,4
18,1
43,0
75,64
